t vw vv vT
8.800086975097656250e+01 1.174743869341909885e-03 9.999993443489074707e-01 1.000000000000000000e+00
3.424894332885742188e+01 4.290020093321800232e-03 9.999907612800598145e-01 9.999999403953552246e-01
3.329529571533203125e+01 4.175803158432245255e-03 9.999912977218627930e-01 1.000000000000000000e+00
3.213193893432617188e+01 4.205848556011915207e-03 9.999911785125732422e-01 1.000000000000000000e+00
2.826470565795898438e+01 4.381917417049407959e-03 9.999904632568359375e-01 1.000000000000000000e+00
2.743176078796386719e+01 4.390580113977193832e-03 9.999904036521911621e-01 1.000000000000000000e+00
2.516368293762207031e+01 4.414596129208803177e-03 9.999902844429016113e-01 1.000000000000000000e+00
2.404446601867675781e+01 4.454650450497865677e-03 9.999900460243225098e-01 9.999999403953552246e-01
2.334122657775878906e+01 4.576833453029394150e-03 9.999895691871643066e-01 1.000000000000000000e+00
2.316392326354980469e+01 4.640098661184310913e-03 9.999892115592956543e-01 9.999999403953552246e-01
2.138066291809082031e+01 4.478335846215486526e-03 9.999900460243225098e-01 1.000000000000000000e+00
2.110061454772949219e+01 5.052149761468172073e-03 9.999870657920837402e-01 9.999998211860656738e-01
1.980392265319824219e+01 4.838553257286548615e-03 9.999881982803344727e-01 9.999998807907104492e-01
1.900508880615234375e+01 4.707288928329944611e-03 9.999889135360717773e-01 1.000000000000000000e+00
1.841557693481445312e+01 4.847216885536909103e-03 9.999882578849792480e-01 1.000000000000000000e+00
1.757617568969726562e+01 5.194411147385835648e-03 9.999865889549255371e-01 1.000000000000000000e+00
1.716919898986816406e+01 4.965987056493759155e-03 9.999877214431762695e-01 1.000000000000000000e+00
1.696261024475097656e+01 4.916402511298656464e-03 9.999879002571105957e-01 1.000000000000000000e+00
1.627622413635253906e+01 4.888299386948347092e-03 9.999880790710449219e-01 1.000000000000000000e+00
1.544515037536621094e+01 5.097107496112585068e-03 9.999868273735046387e-01 9.999998211860656738e-01
1.502414512634277344e+01 5.166784394532442093e-03 9.999865293502807617e-01 9.999998807907104492e-01
1.488101387023925781e+01 4.903599154204130173e-03 9.999880790710449219e-01 1.000000119209289551e+00
1.421352386474609375e+01 5.305324681103229523e-03 9.999858140945434570e-01 9.999998807907104492e-01
1.360812664031982422e+01 5.552581045776605606e-03 9.999845623970031738e-01 9.999999403953552246e-01
1.323872947692871094e+01 5.147931631654500961e-03 9.999867677688598633e-01 1.000000000000000000e+00
1.313171577453613281e+01 5.271877627819776535e-03 9.999861121177673340e-01 1.000000000000000000e+00
1.240874290466308594e+01 5.440392065793275833e-03 9.999852180480957031e-01 1.000000000000000000e+00
1.198343181610107422e+01 5.373960826545953751e-03 9.999856352806091309e-01 1.000000000000000000e+00
1.193563747406005859e+01 5.838085897266864777e-03 9.999828934669494629e-01 9.999999403953552246e-01
1.150847244262695312e+01 5.726105067878961563e-03 9.999835491180419922e-01 9.999999403953552246e-01
1.128216457366943359e+01 5.891145206987857819e-03 9.999826550483703613e-01 1.000000000000000000e+00
1.112606239318847656e+01 5.791048053652048111e-03 9.999831318855285645e-01 9.999998807907104492e-01
1.073226642608642578e+01 5.690579302608966827e-03 9.999837875366210938e-01 9.999999403953552246e-01
1.062148189544677734e+01 6.074322387576103210e-03 9.999815225601196289e-01 9.999999403953552246e-01
1.035046768188476562e+01 6.133399903774261475e-03 9.999812841415405273e-01 1.000000119209289551e+00
9.852195739746093750e+00 5.949209909886121750e-03 9.999821782112121582e-01 9.999998807907104492e-01
9.691590309143066406e+00 6.153753958642482758e-03 9.999811053276062012e-01 1.000000000000000000e+00
9.348061561584472656e+00 6.368882022798061371e-03 9.999799132347106934e-01 1.000000119209289551e+00
9.265563964843750000e+00 6.528237368911504745e-03 9.999787211418151855e-01 1.000000000000000000e+00
8.963363647460937500e+00 6.809316575527191162e-03 9.999767541885375977e-01 9.999999403953552246e-01
8.818301200866699219e+00 6.229735910892486572e-03 9.999805688858032227e-01 9.999999403953552246e-01
8.651079177856445312e+00 6.615149788558483124e-03 9.999780654907226562e-01 9.999999403953552246e-01
8.552860260009765625e+00 6.668028887361288071e-03 9.999778866767883301e-01 1.000000119209289551e+00
8.314925193786621094e+00 6.911929696798324585e-03 9.999760389328002930e-01 9.999999403953552246e-01
8.248992919921875000e+00 6.842660252004861832e-03 9.999765157699584961e-01 9.999999403953552246e-01
8.194689750671386719e+00 6.375229917466640472e-03 9.999796152114868164e-01 9.999999403953552246e-01
7.959435462951660156e+00 6.727215833961963654e-03 9.999772906303405762e-01 9.999998807907104492e-01
7.796069145202636719e+00 6.948993541300296783e-03 9.999757409095764160e-01 9.999998807907104492e-01
7.637828350067138672e+00 6.831008940935134888e-03 9.999766945838928223e-01 1.000000000000000000e+00
7.452924251556396484e+00 7.187379989773035049e-03 9.999741315841674805e-01 9.999999403953552246e-01
7.341212749481201172e+00 7.214661221951246262e-03 9.999739527702331543e-01 9.999999403953552246e-01
7.244418621063232422e+00 7.271082140505313873e-03 9.999736547470092773e-01 1.000000000000000000e+00
7.144844055175781250e+00 7.172838784754276276e-03 9.999743103981018066e-01 1.000000000000000000e+00
6.939033031463623047e+00 7.734078448265790939e-03 9.999699592590332031e-01 9.999998807907104492e-01
6.833964824676513672e+00 8.009912446141242981e-03 9.999679923057556152e-01 1.000000000000000000e+00
6.717045783996582031e+00 7.674606982618570328e-03 9.999704957008361816e-01 9.999999403953552246e-01
6.433777809143066406e+00 8.049078285694122314e-03 9.999676346778869629e-01 1.000000000000000000e+00
6.416384696960449219e+00 8.033305406570434570e-03 9.999676942825317383e-01 9.999999403953552246e-01
6.374668121337890625e+00 7.848975248634815216e-03 9.999691247940063477e-01 9.999999403953552246e-01
6.248559474945068359e+00 7.756522390991449356e-03 9.999698996543884277e-01 9.999999403953552246e-01
6.174696922302246094e+00 7.963911630213260651e-03 9.999681115150451660e-01 9.999998211860656738e-01
5.989990234375000000e+00 8.287929929792881012e-03 9.999656081199645996e-01 9.999999403953552246e-01
5.929945468902587891e+00 8.440543897449970245e-03 9.999642372131347656e-01 9.999998211860656738e-01
5.811432838439941406e+00 8.678945712745189667e-03 9.999623894691467285e-01 1.000000000000000000e+00
5.715822219848632812e+00 8.371233940124511719e-03 9.999649524688720703e-01 1.000000000000000000e+00
5.624306201934814453e+00 8.546081371605396271e-03 9.999635815620422363e-01 1.000000119209289551e+00
5.480442047119140625e+00 8.520773611962795258e-03 9.999637603759765625e-01 1.000000000000000000e+00
5.392659664154052734e+00 9.066837839782238007e-03 9.999588131904602051e-01 9.999998807907104492e-01
5.362611293792724609e+00 9.210002608597278595e-03 9.999575614929199219e-01 9.999999403953552246e-01
5.265766143798828125e+00 9.476284496486186981e-03 9.999551177024841309e-01 1.000000000000000000e+00
5.119013309478759766e+00 9.340248070657253265e-03 9.999563694000244141e-01 1.000000000000000000e+00
5.046185493469238281e+00 9.425988420844078064e-03 9.999553561210632324e-01 9.999997615814208984e-01
4.994524955749511719e+00 9.439771994948387146e-03 9.999554157257080078e-01 9.999999403953552246e-01
4.954555988311767578e+00 9.719667956233024597e-03 9.999526739120483398e-01 9.999998807907104492e-01
4.897050380706787109e+00 9.468296542763710022e-03 9.999550580978393555e-01 9.999998807907104492e-01
4.836863994598388672e+00 1.008389703929424286e-02 9.999492168426513672e-01 1.000000000000000000e+00
4.674243450164794922e+00 9.794321842491626740e-03 9.999519586563110352e-01 9.999998807907104492e-01
4.439891815185546875e+00 1.017986331135034561e-02 9.999481439590454102e-01 9.999999403953552246e-01
4.381209373474121094e+00 1.002920512109994888e-02 9.999498128890991211e-01 1.000000119209289551e+00
4.315340995788574219e+00 1.095098536461591721e-02 9.999400377273559570e-01 1.000000000000000000e+00
4.274698734283447266e+00 1.072274427860975266e-02 9.999424815177917480e-01 9.999999403953552246e-01
4.115673065185546875e+00 1.129555329680442810e-02 9.999362230300903320e-01 1.000000000000000000e+00
4.019531250000000000e+00 1.108323503285646439e-02 9.999384880065917969e-01 9.999998807907104492e-01
3.943991184234619141e+00 1.109265070408582687e-02 9.999384284019470215e-01 9.999999403953552246e-01
3.858887910842895508e+00 1.189417298883199692e-02 9.999294281005859375e-01 1.000000119209289551e+00
3.812514305114746094e+00 1.154212467372417450e-02 9.999333620071411133e-01 9.999999403953552246e-01
3.659685611724853516e+00 1.235831715166568756e-02 9.999235868453979492e-01 9.999999403953552246e-01
3.595040798187255859e+00 1.241826266050338745e-02 9.999229311943054199e-01 1.000000000000000000e+00
3.495043277740478516e+00 1.330148987472057343e-02 9.999115467071533203e-01 1.000000000000000000e+00
3.409147739410400391e+00 1.309007871896028519e-02 9.999142289161682129e-01 9.999998807907104492e-01
3.358156919479370117e+00 1.338799484074115753e-02 9.999104142189025879e-01 1.000000000000000000e+00
3.309418678283691406e+00 1.259269844740629196e-02 9.999206066131591797e-01 9.999998807907104492e-01
3.251981496810913086e+00 1.379980891942977905e-02 9.999046325683593750e-01 9.999998211860656738e-01
3.154923200607299805e+00 1.389707718044519424e-02 9.999033808708190918e-01 9.999999403953552246e-01
3.115684509277343750e+00 1.360609661787748337e-02 9.999074339866638184e-01 1.000000000000000000e+00
3.000840663909912109e+00 1.484629418700933456e-02 9.998898506164550781e-01 1.000000000000000000e+00
2.903719902038574219e+00 1.487906556576490402e-02 9.998890757560729980e-01 9.999997615814208984e-01
2.725883245468139648e+00 1.551049295812845230e-02 9.998797178268432617e-01 1.000000000000000000e+00
2.711406469345092773e+00 1.623199135065078735e-02 9.998682141304016113e-01 9.999999403953552246e-01
2.482549667358398438e+00 1.726425066590309143e-02 9.998509287834167480e-01 9.999999403953552246e-01
